SubjectActivity          ActivityIDTimeBodyAccelerometerMean_XTimeBodyAccelerometerMean_YTimeBodyAccelerometerMean_ZTimeBodyAccelerometerSTD_XTimeBodyAccelerometerSTD_YTimeBodyAccelerome
     1LAYING                      6               0.22159824394           -0.0405139534294              -0.11320355358             -0.9280564692            -0.83682740562           -0.8260
     1SITTING                     4           0.26123756542553        -0.0013082876517021          -0.10454418225532         -0.97722900829787          -0.92261864191489         -0.9395862
     1STANDING                    5            0.2789176290566         -0.016137590103774          -0.11060181773585         -0.99575990150943          -0.97319005641509         -0.9797758
     1WALKING                     1           0.27733075873684         -0.017383818527368          -0.11114810354737         -0.28374025884211           0.11446133674737         -0.2600279
     1WALKING_DOWNSTAIRS          3           0.28918832040816        -0.0099185046102041          -0.10756619090816         0.030035338348388          -0.03193594344898         -0.2304342
     1WALKING_UPSTAIRS            2           0.25546168962264           -0.02395314926434         -0.09730200209434         -0.35470802509434       -0.0023202650169811          -0.0194792
     2LAYING                      6           0.28137340395833         -0.018158739758333          -0.10724561041667         -0.97405946479167              -0.98027739875           -0.9842
     2SITTING                     4           0.27708735173913         -0.015687993728261          -0.10921827245652         -0.98682227956522          -0.95070449913043         -0.9598281
     2STANDING                    5           0.27791147222222         -0.018420827016667          -0.10590853605556         -0.98727188925926          -0.95730498925926          -0.949741
     2WALKING                     1           0.27642658644068         -0.018594919914576            -0.1055003579661        -0.42364283847458        -0.078091253311864          -0.4252575
     2WALKING_DOWNSTAIRS          3           0.27761534806383           -0.02266141583617         -0.11681294238298         0.046366681444681           0.26288178895106         -0.1028379
     2WALKING_UPSTAIRS            2           0.24716479039583         -0.021412113204583          -0.15251389952083         -0.30437640645833           0.10802727988958         -0.1121210
     3LAYING                      6           0.27551685274194         -0.018955678504839          -0.10130047750645         -0.98277663919355          -0.96205754451613         -0.9636910
     3SITTING                     4           0.25719759913462        -0.0035029984173077         -0.098357920326923         -0.97101012096154          -0.85661781211538         -0.8751101
     3STANDING                    5           0.28004651327869         -0.014337655506557          -0.10162172263315         -0.96674254295082          -0.89344930721311         -0.9114190
     3WALKING                     1           0.27556746206897         -0.017176784420345          -0.11267485982759         -0.36035672603448        -0.069914065210345          -0.3874119
     3WALKING_DOWNSTAIRS          3           0.29242348469388         -0.019355407932857          -0.11613984290816        -0.057410047510204        -0.033150372338776           -0.362240
     3WALKING_UPSTAIRS            2            0.2608198730678         -0.032410941055593          -0.11006486343729         -0.31312343762712         0.011628081337288           -0.369754
     4LAYING                      6           0.26355921498148         -0.015003184105556          -0.11068815031481         -0.95419373888889          -0.94171404240741         -0.9626673
     4SITTING                     4               0.27153827992             -0.007163065158             -0.10587459588               -0.980309931           -0.89022398108              -0.932
     4STANDING                    5           0.28049974589286        -0.0094891109855357         -0.096157490553571                  -0.97692058           -0.86159737875        -0.8968805
     4WALKING                     1           0.27858201516667         -0.014839947534167               -0.11140306485       -0.44082997133333        -0.078826736768333          -0.5862528
     4WALKING_DOWNSTAIRS          3           0.27996532955556        -0.0098020085066667                -0.1067775246       0.011193549622222              -0.21859832499        -0.4791859
     4WALKING_UPSTAIRS            2           0.27087669673077         -0.031980429572962          -0.11421945551923         -0.20493304290385        -0.066689910518077          -0.3721377
     5LAYING                      6           0.27833432557692         -0.018304212326923          -0.10793760367308         -0.96593450961538          -0.96929561326923         -0.9685625
     5SITTING                     4           0.27369413954545        -0.0099008352704545          -0.10854030026591         -0.98094502204545          -0.90433512102273         -0.9260947
     5STANDING                    5           0.28254439089286        -0.0070041855451786          -0.10217109569643         -0.96859181571429          -0.86943991339286         -0.8693273
     5WALKING                     1               0.27784234625        -0.017285031748268          -0.10774177646429         -0.29409853423214         0.076748402805357              -0.4570
     5WALKING_DOWNSTAIRS          3           0.29354392712766        -0.0085010753319149          -0.10031993065957          0.27504611046809         0.090763076104255          -0.3258914
     5WALKING_UPSTAIRS            2           0.26845946991489         -0.032526975515319          -0.10747145391489        -0.045723777985106            0.1850224594766         -0.3089389
     6LAYING                      6           0.24865652014035           -0.01025291705614         -0.13311957036842         -0.93404942205263          -0.92464482638596         -0.9252161
     6SITTING                     4           0.27677848745455         -0.014591161529091          -0.11012772870909         -0.98016493363636          -0.92368213109091         -0.9257970
     6STANDING                    5           0.28034624859649         -0.018123632717544          -0.11217283194737         -0.98175815964912          -0.92149319175439         -0.9256923
     6WALKING                     1           0.28365886807018         -0.016895418908246          -0.11030316587719         -0.29653871736842           0.16421388499649         -0.5043242
     6WALKING_DOWNSTAIRS          3           0.27704525814583         -0.019536840063125          -0.10720935620833          0.38368163979167           0.36016495876854         -0.3202042
     6WALKING_UPSTAIRS            2           0.26822935509804         -0.027242538507059          -0.12208243878431        -0.050135018851373           0.18927611732745         -0.3535195
     7LAYING                      6           0.25017669403846         -0.020441151688462          -0.10136103657692                  -0.93651361       -0.92626266865385         -0.9529783
     7SITTING                     4           0.28467463729167           -0.01461097580375            -0.122464597625        -0.97266837458333          -0.90945469854167          -0.856532
     7STANDING                    5           0.28272353943396         -0.014574034103774         -0.099777830320755         -0.97930757037736          -0.92340092188679         -0.9170641
     7WALKING                     1           0.27559296175439         -0.018653665345614          -0.11091223494737         -0.32724324070175        -0.077261856105263            0.159631
     7WALKING_DOWNSTAIRS          3                   0.28030708       -0.016633237297872         -0.096938308587234         0.066081560097872          -0.13817907273404       -0.0636402
     7WALKING_UPSTAIRS            2           0.24870692307843         -0.027563900560784          -0.14376968880392         -0.29487297445098          -0.32616002254902         -0.1456650
     8LAYING                      6           0.26125428290741         -0.021228173388148          -0.10224536561111         -0.94304121537037                   -0.93489116      -0.9324914
     8SITTING                     4           0.26749147293478        -0.0067255062130435          -0.10446104913043           -0.9790261523913         -0.92733199702174         -0.9395530
     8STANDING                    5           0.27962098611111         -0.014811306714815          -0.10611499683704         -0.98881541814815          -0.93847942907407         -0.9260652
     8WALKING                     1                   0.27468631       -0.018662886531042          -0.10725209083333         -0.17360573600208           0.38078205270833          -0.142088
     8WALKING_DOWNSTAIRS          3           0.28348408921053         -0.021105867497368          -0.10759813539474         0.024139347373684           0.34382627310526                0.133
     8WALKING_UPSTAIRS            2           0.25888015204878         -0.028241513634146          -0.11512211995122         -0.17171217463415           0.34876873317073          0.1211872
     9LAYING                      6                0.2591955368             -0.020526821662             -0.10754972144                -0.94233309             -0.9162927764             -0.940
     9SITTING                     4               0.24832674354              -0.02701677698             -0.07537846886             -0.9572277914               -0.875141405           -0.8320
     9STANDING                    5           0.28231005733333         -0.020045495402222         -0.095274748133333         -0.97574125244444          -0.93863575933333         -0.9192958
     9WALKING                     1           0.27850284211538         -0.018089197128442          -0.11082051230769         -0.23835356269231          -0.20169696082692       -0.0579636
     9WALKING_DOWNSTAIRS          3                  0.295923445       -0.020399426907548         -0.091027879395238          0.21339227054762          -0.20831070550476      -0.007715300
     9WALKING_UPSTAIRS            2           0.26243647571429         -0.019510109997571          -0.12521900395918         -0.36144437755102          -0.30220620381633         -0.2534340
    10LAYING                      6           0.28023057413793         -0.024294484137931          -0.11716864236207                 -0.968283685       -0.94645430206897         -0.9594714
    10SITTING                     4           0.27061205648148         -0.015042681852037            -0.1042532387963        -0.98290182592593          -0.91797952996296         -0.9678269
    10STANDING                    5           0.27665030068182         -0.015541860340909          -0.10796408393182         -0.97840348181818          -0.91956184340909         -0.9412714
    10WALKING                     1           0.27857407660377         -0.017022351190566          -0.10905751213208         -0.17870973439623        -0.022743165169811          -0.3956450
    10WALKING_DOWNSTAIRS          3           0.29040159431579         -0.020005077071053          -0.11084859724737          0.29573354763158        0.0040791536315789          -0.1835575
    10WALKING_UPSTAIRS            2           0.26712185340426         -0.014385492034043          -0.11818042083404         -0.16159192423404       -0.0055528769276596        -0.0738744
    11LAYING                      6           0.28059297087719         -0.017659805231579          -0.10878657807018                  -0.98477733       -0.97219687385965         -0.9713111
    11SITTING                     4           0.27659019735849         -0.014919561675472          -0.11284021833962         -0.98279656207547          -0.92140211811321         -0.9683701
    11STANDING                    5           0.27771556276596         -0.017199088659574          -0.10868663042553           -0.9949788787234         -0.96417333170213         -0.9863827
    11WALKING                     1           0.27182189288136         -0.016647583362373            -0.1060963040339        -0.42284207186441        -0.052212075044068          -0.5306263
    11WALKING_DOWNSTAIRS          3           0.29160563195652         -0.017809772121957          -0.11107014997826          0.14245655703478         0.070812272554348          -0.3240269
    11WALKING_UPSTAIRS            2           0.26377585927778         -0.030315782205556          -0.10679721648148         -0.23880295901852          -0.10316750186852         -0.2033693
    12LAYING                      6                  0.260113433       -0.017520391714667          -0.10816012566667                  -0.95531868       -0.94907200933333               -0.948
    12SITTING                     4           0.27500722490196         -0.015789298852353          -0.10630722896078         -0.98256878196078                   -0.92858124      -0.9396618
    12STANDING                    5           0.27740583491803         -0.016900254319672            -0.1055269997541        -0.98124399245902          -0.92314025409836         -0.9206848
    12WALKING                     1                0.2771286656             -0.015560927606             -0.10316110632          -0.128898533096            -0.122783290008              -0.410
    12WALKING_DOWNSTAIRS          3            0.2815210973913         -0.018084266865793          -0.10955593226087         0.042408491608696           0.11083534373913         -0.4250174
    12WALKING_UPSTAIRS            2           0.27297033865385         -0.026357490340385          -0.10733973011538         -0.29014919230769          -0.10381825982308         -0.4366974
    13LAYING                      6           0.27671636048387         -0.020440454366129          -0.10433186453226         -0.96889198935484          -0.95094794951613         -0.9503929
    13SITTING                     4           0.27432849959184        -0.0058773293632653         -0.097246511083673         -0.98954627530612          -0.93896774163265          -0.938641
    13STANDING                    5           0.27775843105263         -0.016789199396491          -0.11212413775439         -0.99102075929825          -0.94942243947368         -0.9675380
    13WALKING                     1           0.27588313035088         -0.018566065194737          -0.11143145619298         -0.34698039421053           0.14186668939298         -0.2205035
    13WALKING_DOWNSTAIRS          3           0.29490755340426         -0.014372383910851          -0.10199394153191        -0.068156362661702              -0.03212524665        -0.1583331
    13WALKING_UPSTAIRS            2           0.25820393958182         -0.027739225391091          -0.12576726589091         -0.29628459745455           0.10447077380182         -0.2172105
    14LAYING                      6           0.23327543980392           -0.01134246524902         -0.08683333155098         -0.91750188733333          -0.90969704098039         -0.9003319
    14SITTING                     4           0.27999057703704        -0.0087056546388889          -0.10040149042593         -0.97630224814815          -0.91493570390741         -0.9227748
    14STANDING                    5           0.28054561383333               -0.01520781344        -0.10381770179067                 -0.973268905       -0.92852572533333               -0.922
    14WALKING                     1           0.27195959864407           -0.02177853809661         -0.10675636913559         -0.40263909813559        -0.053612668665085         0.0518841
    14WALKING_DOWNSTAIRS          3           0.29342211555556         -0.020014141365778         -0.092833016553333         0.017831340226667           0.37887049175556          0.4515760
    14WALKING_UPSTAIRS            2           0.26242106612963         -0.020438818002407          -0.11227968898333         -0.30939671759259                  0.307195533        0.6090178
    15LAYING                      6                0.2894756525        -0.016629654205417          -0.11853024029167         -0.97225555152778          -0.96275942236111         -0.9295868
    15SITTING                     4           0.27290337979661         -0.011718847227119          -0.11366125320339         -0.98708435610169          -0.92240716288136         -0.9493380
    15STANDING                    5           0.27891580396226         -0.018351636039623          -0.10591083267925         -0.98894924735849          -0.93190014830189         -0.9516702
    15WALKING                     1           0.27389920796296         -0.017080974009074          -0.10762181951852         -0.32796180111111            0.1389129236913         -0.5189326
    15WALKING_DOWNSTAIRS          3           0.28019885119048        -0.0056304780430952          -0.11052606642857          0.40647105119048           0.18653237742857         -0.2819821
    15WALKING_UPSTAIRS            2           0.27018759583333         -0.028752386070833          -0.11695246489583        -0.026097184027083       -0.0040653604354167          -0.3797174
    16LAYING                      6           0.27422716257143         -0.016610351056286          -0.10731049324286         -0.97369142942857          -0.94306115028571         -0.9654902
    16SITTING                     4           0.28076857449275         -0.010249793995652          -0.08914040384058         -0.98682560536232          -0.95160787246377         -0.9396722
    16STANDING                    5           0.28349740294872           -0.01659996729359         -0.10365772907692         -0.98907681179487          -0.96029826769231         -0.9534689
    16WALKING                     1            0.2760235645098         -0.020428692945294          -0.10880404980392         -0.40469252392157          -0.31456976235294         -0.1597997
    16WALKING_DOWNSTAIRS          3           0.29558680219149         -0.018389858378723          -0.11987370514894          0.20725199792979          -0.14699383765532        0.0114353
    16WALKING_UPSTAIRS            2           0.25598610262745         -0.014365494501176            -0.1240745177451        -0.39708383156863          -0.16373274507843         -0.1292838
    17LAYING                      6           0.26978008557746         -0.016846200672958          -0.10700627970423         -0.97296056732394          -0.94479287521127         -0.9534767
    17SITTING                     4            0.2773570196875         -0.014156274084375          -0.11362408509375           -0.9944439053125         -0.96185862984375         -0.9657291
    17STANDING                    5           0.27794250333333         -0.017412006416923             -0.111432145565        -0.99116391987179          -0.96817666371795         -0.9704626
    17WALKING                     1            0.2723418552459         -0.018487540333934          -0.10979212203279         -0.31950017295082        -0.017579788554262          -0.2658244
    17WALKING_DOWNSTAIRS          3           0.29391828326087         -0.016735940434783         -0.089243274517391          0.18771976026957        -0.060789203738478          -0.2310641
    17WALKING_UPSTAIRS            2           0.25260476858333         -0.022864561430833          -0.12129044210417        -0.062952754100625        -0.013172101439583          -0.2302209
    18LAYING                      6           0.27469157692308         -0.017393768461538          -0.10769892790769         -0.98452764923077          -0.98616092092308         -0.9876586
    18SITTING                     4           0.27727001877193         -0.012869127973684          -0.11190477582456         -0.99434798859649          -0.97492813105263         -0.9775727
    18STANDING                    5           0.27845880589041         -0.016635351815068          -0.10845335594521         -0.99201976273973          -0.95422343630137         -0.9618739
    18WALKING                     1           0.27388775857143         -0.017802363186607          -0.10421831546429              -0.37600552125        -0.22700587489286         -0.4283480
    18WALKING_DOWNSTAIRS          3           0.28843946890909         -0.016866692022182                -0.1033908092       -0.30263456509091          -0.25421404581818         -0.4186101
    18WALKING_UPSTAIRS            2           0.26540120189655         -0.022206068437891          -0.11265589132759         -0.38016828672414          -0.21115512022414         -0.3143733
    19LAYING                      6           0.27265373349398         -0.017142686442169          -0.10898146186747         -0.96501957951807          -0.97344996855422         -0.9846728
    19SITTING                     4           0.27383031616438         -0.016739260030137          -0.10870765430137           -0.9763576630137          -0.9503889439726         -0.9519296
    19STANDING                    5                   0.27817226       -0.015424405694521          -0.10904190460274         -0.98991099684932          -0.94443027068493          -0.952599
19WALKING              1   0.27393117230769      -0.019177358790385      -0.12273667319231      -0.048904940796346      0.18180156118558            -0.1394
19WALKING_DOWNSTAIRS   3   0.26268805387179      -0.014594227506949      -0.13369524066097         0.62691707051282     0.51481644564103       0.0493224
19WALKING_UPSTAIRS     2      0.242118808925        -0.0303986615775        -0.151054607725        -0.1287420952375        0.176349922525        -0.190468
20LAYING               6   0.23950788220588      -0.014440628113235      -0.10427432253824        -0.96224911470588    -0.96409818029412       -0.9725719
20SITTING              4   0.27804543909091      -0.014722930513182      -0.10836963451515        -0.98308185893939    -0.93612270469697       -0.9291063
20STANDING             5   0.27807690465753      -0.018069504916164      -0.10040275993151        -0.96720996123288    -0.87541041109589       -0.9131424
20WALKING              1   0.27258933647059      -0.021199992245098      -0.11353947709804        -0.20834279201961     0.48977180862745       -0.2287342
20WALKING_DOWNSTAIRS   3   0.29614442135556     -0.0096412077315556      -0.10460292593778       0.074509878528889      0.61693701533333       -0.1609385
20WALKING_UPSTAIRS     2   0.25209831715686      -0.028225804758824      -0.12102394778431        -0.11608867601176     0.15219632835098       -0.2292494
21LAYING               6   0.27132547245556      -0.018423304841556      -0.10325383223333        -0.95501986622222    -0.95695942222222       -0.9456537
21SITTING              4   0.27753961682353      -0.014400970549412      -0.11205788774118        -0.99177728717647    -0.96687756094118       -0.9595678
21STANDING             5   0.27695224258427      -0.016708473020562      -0.11041785580899         -0.9814199611236    -0.94360162539326       -0.9461234
21WALKING              1   0.27918352673077      -0.018161031752692      -0.10431933240385        -0.29781484353846    0.054088050920962            -0.1686
21WALKING_DOWNSTAIRS   3        0.3014610196     -0.017319539015778           -0.09816866218       0.22434349224444     0.30133639971111      -0.0717893
21WALKING_UPSTAIRS     2   0.26519454468085      -0.023721869514894      -0.12541426534043         -0.2408082822766     0.10978746910426       -0.2197079
22LAYING               6   0.27995972119444      -0.014262986450278      -0.11080092465278        -0.94773525194444    -0.91327630166667       -0.9429458
22SITTING              4   0.27358382270968      -0.012346844641935      -0.10582736951613        -0.97846682370968    -0.92805913379565       -0.9175648
22STANDING             5    0.2790538615873      -0.015856320749683      -0.10496742382063        -0.98500052714286      -0.9226932884127        -0.942201
22WALKING              1           0.27886459    -0.016721360795717      -0.10711251093478     -0.0086592191956522      0.10038424632174       -0.2133519
22WALKING_DOWNSTAIRS   3   0.28445896386111      -0.019799937168639            -0.1074157796       0.34861816833333     0.23981225094444       -0.3257227
22WALKING_UPSTAIRS     2   0.24839153456667      -0.026862256113333        -0.1175508617381      0.083573864092143        0.2500675237381      -0.1096132
23LAYING               6   0.27403800798611      -0.021655383583333      -0.10425677629167        -0.95675636319444    -0.97630982736111       -0.9732234
23SITTING              4   0.27335125161765      -0.013394501567647      -0.10380867929412        -0.98760763661765    -0.93493355926471       -0.9055843
23STANDING             5   0.27789932323529      -0.017747554786765        -0.1105970177575       -0.98542151955882          -0.9584444925     -0.9294097
23WALKING              1   0.27321188423729        -0.01836187119322     -0.11338299408475        -0.31352177338983    -0.11902058651068        0.1642206
23WALKING_DOWNSTAIRS   3   0.28989741114815      -0.016211145723889     -0.098812371257407       0.044139284342593      0.10825903416963        0.2298987
23WALKING_UPSTAIRS     2   0.24999517103137      -0.032384402923725      -0.12689061678235        -0.24388781851373    0.044843578586863        0.1008011
24LAYING               6   0.27285049493056      -0.017355521011111      -0.10723623723611        -0.96798402111111    -0.98312646194444       -0.9735669
24SITTING              4   0.27347569014706      -0.013125509793824      -0.10304106142647        -0.99059376661765    -0.95625596205882       -0.9570561
24STANDING             5   0.28034888391304      -0.014478534034899      -0.10822255385507       -0.98725587115942      -0.93687197434783     -0.9302835
24WALKING              1   0.27698081603448      -0.022544640053448      -0.11059595291379       -0.47076236637931      -0.15412749816379       -0.288840
24WALKING_DOWNSTAIRS   3   0.28863120890909      -0.014573034831091      -0.10481882027273            -0.08273248054    -0.10260732678364     -0.2055663
24WALKING_UPSTAIRS     2   0.26988110677966      -0.025197943456949        -0.1142486109661      -0.34439935135593        -0.1168044889661    -0.2556010
25LAYING               6    0.2507918286137      -0.018894366367123      -0.10042883026027       -0.90911647410959      -0.69177068056164       -0.717262
25SITTING              4   0.27854148246154      -0.014769680803077      -0.10916044047692       -0.99189282861538      -0.94745761706154     -0.9651395
25STANDING             5   0.27801370162162      -0.016356973027432      -0.10735295759459       -0.99197012675676      -0.95456922594595     -0.9646426
25WALKING              1   0.27899275905405      -0.018647762471622        -0.1087376362973      -0.59600744351351      -0.16185241158108     -0.4371334
25WALKING_DOWNSTAIRS   3    0.2913296662069      -0.021017052298793      -0.10719237696552       -0.25375693425862      -0.14054060387069     -0.4579723
25WALKING_UPSTAIRS     2   0.27799541138462      -0.026986352426462      -0.12621044029231       -0.45977564615385      -0.22308680876923     -0.2965239
26LAYING               6   0.27164586454079      -0.019189572802632      -0.10500254028947       -0.96944544526316      -0.98323135184211     -0.9845000
26SITTING              4   0.25824353016667     -0.0071336454135897     -0.097444869233333       -0.97976898794872      -0.94079896551282     -0.9500044
26STANDING             5   0.28112703540541        -0.01666083066527     -0.11023779641622       -0.99306936878378      -0.94946615540541     -0.9629884
26WALKING              1   0.27926444372881      -0.015425958694915      -0.10892701147458       -0.34018552755932      -0.13635139164576     -0.3334865
26WALKING_DOWNSTAIRS   3        0.2792845828       -0.01262580966778           -0.1064396194           0.17395384962       -0.011629910112           -0.2
26WALKING_UPSTAIRS     2   0.27269139454545      -0.028163379739818      -0.12194346123636       -0.16900695241818     -0.049172630276364     -0.4045969
27LAYING               6   0.27410249243243      -0.017986761121622      -0.10769973283784       -0.97845515310811      -0.98373604378378     -0.9866369
27SITTING              4   0.27394130257143      -0.015526979928571      -0.10552191258857       -0.98858010771429      -0.97157912571429     -0.9658587
27STANDING             5      0.279566921625          -0.016593236445       -0.107835818025            -0.9919515835           -0.955171419      -0.9624
27WALKING              1    0.2768494854386      -0.016647878322191      -0.11282228926316       -0.34847556052632      -0.18730121496491     -0.2973182
27WALKING_DOWNSTAIRS   3        0.2975441875     -0.013556446715909      -0.11283769468864        0.16740753109091     -0.097971002952273     -0.2400407
27WALKING_UPSTAIRS     2   0.26577025392157      -0.020095332407843      -0.12353043819608         -0.2954395472549           -0.0950104077   -0.2307078
28LAYING               6        0.2759134825        -0.0167537858225       -0.1083448529625            -0.9688882955       -0.945386780375       -0.9564
28SITTING              4   0.27697762944444      -0.018540444125833      -0.11151793955556       -0.98327280680556      -0.93990524486111     -0.9366672
28STANDING             5   0.27779506911392      -0.017263512467215      -0.10657938520253       -0.97774863860759      -0.87568921683544     -0.9051238
28WALKING              1   0.28122822388889      -0.015675972298148        -0.1037147053963      -0.29300352222222      -0.11788618642593     -0.3009283
28WALKING_DOWNSTAIRS   3   0.29364207652174      -0.022023046591304      -0.10858897408913        0.12571288794348       0.15649664650435     -0.3410318
28WALKING_UPSTAIRS     2   0.26200584176471      -0.027944394347843      -0.12151402569216       -0.24206243029412      -0.14675387703529     -0.2859869
29LAYING               6   0.28729519681159        -0.01719654842029     -0.10946206817391       -0.98421955550725      -0.99024094666667     -0.9872551
29SITTING              4        0.2771799775          -0.016630680375          -0.1104118192           -0.9907450195    -0.96322249783333     -0.9680638
29STANDING             5   0.27796506584615      -0.017260586906154      -0.10865906747692       -0.99606863538462      -0.96929572107692     -0.9802074
29WALKING              1   0.27199991679245      -0.016291560058868      -0.10663242730189       -0.17433794022642     -0.091754061286981     -0.2428280
29WALKING_DOWNSTAIRS   3   0.29314044108333        -0.01494121505625    -0.098133998489583        0.16738360245833      -0.12246346700625     -0.2231779
29WALKING_UPSTAIRS     2   0.26542306687755      -0.029946531232653      -0.11800058784082      -0.086771556969388      -0.12212828764286     0.0995443
30LAYING               6   0.28103390057143      -0.019449409861429            -0.1036581505     -0.97636251542857      -0.95420182385714     -0.9670442
30SITTING              4   0.26833608137903     -0.0080473129532258     -0.099515446133871       -0.98362274419355      -0.93785700080645     -0.9506540
30STANDING             5   0.27711269915254      -0.017016388781356      -0.10875620983559       -0.97755942694915      -0.89165452711864     -0.9128505
30WALKING              1          0.276406758    -0.017588038573077     -0.098624706896923       -0.34639427523077      -0.17355002169231     -0.1204767
30WALKING_DOWNSTAIRS   3   0.28319064696774      -0.017438390020484     -0.099978142232258      -0.057770316354839     -0.027262807770968     -0.2172756
30WALKING_UPSTAIRS     2   0.27141564226154      -0.025331169878615      -0.12469749377538       -0.35050447523077      -0.12731115760769     0.0249468
